610
358
856
83
136
905
970
635
527
574
579
906
878
453
698
665
637
453
490
973
896
403
726
828
480
865
601
759
687
865
593
193
2
234
657
592
68
305
788
662
872
758
239
542
657
131
657
888
708
211
489
506
608
63
205
687
350
125
527
840
445
205
693
465
938
780
660
453
354
21
788
280
17
610
268
585
55
758
240
382
574
234
378
866
716
967
12
328
828
207
593
694
208
305
125
378
828
970
985
982
491
456
195
982
193
305
56
453
221
797
313
976
797
666
584
561
637
403
162
434
587
231
828
665
937
588
111
983
758
868
736
131
764
694
835
677
969
264
666
268
687
231
72
616
752
83
969
574
378
208
68
907
764
466
234
963
948
666
588
990
610
490
119
205
637
205
193
840
410
729
87
635
330
866
205
764
970
87
506
676
657
50
698
561
325
945
608
763
813
262
205
448
69
308
879
765
593
912
68
763
855
866
677
300
357
490
608
688
976
223
637
96
637
410
208
990
205
424
997
83
949
657
350
626
788
445
313
21
223
382
417
